1	0.29158753
2	0.55364406
3	0.8436559
4	1.1068182
5	1.4245218
6	1.6438984
7	1.9495045
8	2.311674
9	2.7105262
10	2.9796066
11	3.2247105
12	4.003562
13	3.9504855
14	4.56928
15	5.2665067
16	4.458498
17	5.1447177
18	5.111635
19	6.302768
20	6.495362
21	7.294011
22	8.266385
23	7.516827
24	7.9440203
25	8.040506
26	8.378698
27	8.822982
28	9.4086685
29	10.452381
30	12.256318
31	12.935849
32	9.95935
33	10.686956
34	10.347222
35	11.652174
36	11.030488
37	9.494118
38	12.528986
39	12.461538
40	12.22069
41	14.937008
42	14.525
43	17.35135
44	17.324324
45	15.909091
46	13.128713
47	16.1519
48	17.40909
49	15.921053
50	16.1519
51	18.945206
52	16.260275
53	19.083334
54	16.967213
55	19.029411
56	20.854166
57	19.369566
58	19.08
59	20.52381
60	18.125
61	16.571428
62	20.243244
63	18.96875
64	23.029411
65	21.869566
66	21.185184
67	14.172414
68	20.454546
69	21.625
70	21.363636
71	24.130434
72	23.11111
73	25.333334
74	28.363636
75	25.642857
76	22.61111
77	25.0
78	15.866667
79	20.875
80	29.857143
81	23.846153
82	15.909091
83	12.727273
84	23.4
85	30.5
86	20.333334
87	26.0
88	32.77778
89	26.714285
90	24.3
91	23.0
92	27.375
93	11.555555
94	32.25
95	54.0
96	29.833334
97	18.0
98	19.6
99	5.0
100	25.0
101	17.75
102	34.666668
103	57.4
104	19.0
105	31.8
106	15.75
107	18.5
108	16.0
109	3.0
110	17.0
111	30.75
112	41.5
113	56.333332
114	22.333334
115	22.0
116	2.5
117	14.0
118	14.666667
119	20.666666
120	53.5
121	41.0
122	38.0
123	4.6666665
124	6.3333335
125	32.0
126	21.0
127	19.0
129	9.333333
130	33.0
131	39.0
132	28.0
133	54.0
137	0.0
138	94.0
139	5.0
140	48.0
142	4.0
143	14.0
144	36.0
148	6.0
150	5.0
151	0.0
152	11.0
155	0.0
157	0.0
158	0.0
159	11.0
160	8.0
165	118.0
168	127.0
170	48.0
172	29.0
174	0.0
176	23.0
177	36.0
178	34.0
180	16.0
182	0.0
185	6.0
186	18.0
187	10.0
192	0.0
203	4.0
205	52.5
210	0.0
218	0.0
231	0.0
235	1.0
278	6.0
281	12.0
291	25.0
304	2.0
342	1.0
384	6.0
