01:
#4 profit: 12.4
placements: 3 7

02:
#5 profit: 14.02
placements: 2 8 13

03:
#7 profit: 17.368
placements: 8 17 27

04:
#30 profit: 58.116
placements: 1 18 30 46 56 66 77 88 98 113 124

05:
#300 profit: 615.299
placements: 8 19 32 42 53 67 90 101 112 123 136 150 161 173 184 195 215 225 235 246 257 271 282 293 305 317 327 341 351 363 374 386 398 420 434 445 455 465 476 487 499 511 521 536 551 561 575 586 596 607 620 631 648 662 672 685 698 708 721 734 744 754 764 775 790 800 810 823 834 848 864 876 895 905 916 931 942 952 962 974 991 1010 1023 1035 1048 1060 1073 1084 1095 1108 1122 1133 1144 1154 1165 1176 1191 1202 1218 1230 1240 1251 1261 1274 1285 1300 1310 1326 1342



